"Year","Average_House_Only","Interest_Rate","Unemployment Rate (%)","Annual Change.x","Inflation Rate (%)","Annual Change.y","Number of immigrants in Canada from 2000 to 2023","Starts"
"2000",54.5416666666667,8.19583333333333,6.83,-0.75,2.7194,0.98,0,71521
"2001",56.4833333333333,7.1775,7.22,0.39,2.5251,-0.19,252527,73282
"2002",59.5166666666667,6.69583333333333,7.66,0.44,2.2584,-0.27,256405,83597
"2003",63.2,6.03666666666667,7.57,-0.09,2.7586,0.5,199170,85180
"2004",67.35,5.79666666666667,7.19,-0.38,1.8573,-0.9,239101,85114
"2005",70.7,5.47916666666667,6.76,-0.43,2.2136,0.36,244599,78795
"2006",77.9083333333333,5.97916666666667,6.32,-0.44,2.002,-0.21,254381,73417
"2007",83.65,6.355,6.04,-0.28,2.1384,0.14,238127,68123
"2008",86.025,6.405,6.14,0.1,2.3703,0.23,249632,75076
"2009",83.4416666666667,5.05333333333333,8.34,2.2,0.2995,-2.07,245313,50370
"2010",86.2583333333333,4.815,8.06,-0.28,1.7769,1.48,270635,60433
"2011",88.3083333333333,4.56916666666667,7.51,-0.55,2.9121,1.14,259143,67821
"2012",90.625,4.23666666666667,7.29,-0.22,1.5157,-1.4,260043,76742
"2013",92.4916666666667,4.17,7.07,-0.22,0.9383,-0.58,263115,61085
"2014",94.2333333333333,4.07666666666667,6.91,-0.16,1.9066,0.97,267936,59134
"2015",95.55,3.77083333333333,6.91,0,1.1252,-0.78,240775,70156
"2016",98.5666666666667,3.70083333333333,7,0.09,1.4288,0.3,323188,74952
"2017",101.95,3.78916666666667,6.34,-0.66,1.5969,0.17,272694,79123
"2018",102.925,4.36166666666667,5.83,-0.51,2.2682,0.67,303369,78742
"2019",102.583333333333,4.24666666666667,5.66,-0.17,1.9493,-0.32,313603,68985
"2020",104.85,3.71416666666667,9.46,3.8,0.717,-1.23,284153,81305
"2021",117.2,3.2775,7.46,-2,3.3952,2.68,226314,99566
"2022",128.566666666667,4.90916666666667,5.209,-2.25,6.8028,3.41,493236,96080
"2023",128.058333333333,6.08166666666667,NA,NA,NA,NA,468817,89297
"2024",127.15,6.19666666666667,NA,NA,NA,NA,NA,18169
